SLOT
0 1 0
12
1
1 -16.3216 1.45644 -7.60379
1 1 0
30
0.445764 -1.0 0.366917
1
1 -16.48 1.45619 -7.71911
1 1 0
30
0.445764 -1.0 0.366917
1
1 -16.6384 1.45594 -7.83443
1 1 0
30
0.445764 -1.0 0.366917
1
1 -16.7969 1.45569 -7.94975
1 1 0
30
0.445764 -1.0 0.366917
1
1 -16.9553 1.45544 -8.06507
1 1 0
30
0.445764 -1.0 0.366917
1
1 -17.1137 1.45519 -8.18039
0 0 0
5
0 -1.0 0
2
2 -17.9741 1.4572 -7.4032 -16.2581 1.4717 -7.4037
0 0 0
20
0 1.0 0.36397
2
2 -17.8787 1.4580 -7.4033 -16.3535 1.4709 -7.4037
0 0 0
20
0 1.0 0.36397
2
2 -17.7834 1.4589 -7.4033 -16.4488 1.4701 -7.4036
0 0 0
20
0 1.0 0.36397
2
2 -17.6881 1.4597 -7.4033 -16.5441 1.4693 -7.4036
0 0 0
20
0 1.0 0.36397
2
2 -17.5928 1.4605 -7.4033 -16.6395 1.4685 -7.4036
0 0 0
20
0 1.0 0.36397
2
2 -18.0694 1.45644 -7.4032 -16.1628 1.47251 -7.40372
0 0 0
20
0 1.0 0.36397